# Live2D Animator Motion Data
$fps=30

$fadein=1000

$fadeout=1000

PARAM_ANGLE_X=0
PARAM_ANGLE_Y=0,0.14,0.53,1.15,1.93,2.86,3.88,4.95,6.05,7.12,8.14,9.07,9.85,10.47,10.86,11,10.86,10.49,9.93,9.22,8.41,7.52,6.57,5.63,4.66,3.75,2.89,2.09,1.39,0.82,0.38,0.1,0,0,0,0,0,0,0,0,0,0,0,0,0,0,0,0,0,0,0,0,0,0,0,0,0,0,0,0,0,0,0,0,0,0,0,0,0,0,0,0,0,0,0,0,0,0,0,0,0,0,0,0,0,0,0,0,0,0,0,0,0,0,0,0,0,0,0,0,0,0,0,0,0,0,0,0,0,0,0,0,0,0,0,0,0,0,0,0,0,0,0,0,0,0,0,0,0,0,0,0,0,0,0,0,0,0,0,0,0,0,0,0,0,0,0,0,0,0,0,0,0,0,0,0,0,0,0,0,0,0,0,0,0,0,0,0,0,0,0,0,0,0,0,0,0
PARAM_ANGLE_Z=0,-0.23,-0.82,-1.69,-2.77,-3.96,-5.21,-6.47,-7.7,-8.85,-9.88,-10.74,-11.41,-11.85,-12,-11.73,-10.97,-9.77,-8.2,-6.36,-4.24,-1.93,0.51,3,5.49,7.93,10.24,12.36,14.2,15.77,16.97,17.73,18,17.93,17.72,17.38,16.93,16.38,15.74,15.01,14.22,13.36,12.48,11.53,10.57,9.61,8.63,7.67,6.73,5.79,4.92,4.08,3.3,2.58,1.94,1.38,0.89,0.51,0.23,0.06,0,0.004,0.016,0.037,0.06,0.1,0.14,0.19,0.25,0.32,0.39,0.47,0.55,0.65,0.74,0.85,0.96,1.07,1.19,1.32,1.46,1.59,1.74,1.88,2.04,2.2,2.36,2.52,2.69,2.87,3.05,3.23,3.42,3.61,3.8,4,4.2,4.4,4.61,4.81,5.03,5.24,5.45,5.67,5.89,6.11,6.33,6.56,6.78,7.01,7.24,7.47,7.7,7.93,8.16,8.39,8.62,8.85,9.09,9.32,9.55,9.78,10.01,10.24,10.47,10.7,10.93,11.16,11.38,11.6,11.83,12.05,12.27,12.48,12.7,12.91,13.12,13.33,13.53,13.73,13.93,14.13,14.32,14.51,14.69,14.87,15.05,15.23,15.4,15.56,15.73,15.88,16.04,16.19,16.33,16.47,16.6,16.73,16.85,16.97,17.08,17.19,17.29,17.38,17.47,17.55,17.63,17.7,17.76,17.81,17.86,17.9,17.94,17.97,17.984,17.996,18
PARAM_EYE_L_OPEN=0,0,0,0,0,0,0,0,0,0,0,0,0,0,0,0,0,0,0,0,0,0,0,0,0,0,0,0,0,0,0,0,0,0,0,0,0,0,0,0,0,0,0,0,0,0,0,0,0,0,0,0,0,0,0,0,0,0,0,0.73,1,1,1,1,1,1,1,1,1,1,1,1,1,1,1,1,1,1,1,1,1,1,1,1,1,1,1,1,1,1,1,1,1,1,1,1,1,1,1,1,1,1,1,1,1,1,1,1,1,1,1,1,1,1,1,1,1,1,1,1,1,1,1,1,1,1,1,1,1,1,1,1,1,1,1,1,1,1,1,1,1,1,1,1,1,1,1,1,1,1,1,1,1,1,1,1,1,1,1,1,1,1,1,1,1,1,1,1,1,1,1,1,1,1,1,1,1
PARAM_EYE_L_SMILE=1,1,1,1,1,1,1,1,1,1,1,1,1,1,1,1,1,1,1,1,1,1,1,1,1,1,1,1,1,1,1,1,1,1,1,1,1,1,1,1,1,1,1,1,1,1,1,1,1,1,1,1,1,1,1,1,1,1,1,0.27,0,0,0,0,0,0,0,0,0,0,0,0,0,0,0,0,0,0,0,0,0,0,0,0,0,0,0,0,0,0,0,0,0,0,0,0,0,0,0,0,0,0,0,0,0,0,0,0,0,0,0,0,0,0,0,0,0,0,0,0,0,0,0,0,0,0,0,0,0,0,0,0,0,0,0,0,0,0,0,0,0,0,0,0,0,0,0,0,0,0,0,0,0,0,0,0,0,0,0,0,0,0,0,0,0,0,0,0,0,0,0,0,0,0,0,0,0
PARAM_EYE_R_OPEN=0,0,0,0,0,0,0,0,0,0,0,0,0,0,0,0,0,0,0,0,0,0,0,0,0,0,0,0,0,0,0,0,0,0,0,0,0,0,0,0,0,0,0,0,0,0,0,0,0,0,0,0,0,0,0,0,0,0,0,0.73,1,1,1,1,1,1,1,1,1,1,1,1,1,1,1,1,1,1,1,1,1,1,1,1,1,1,1,1,1,1,1,1,1,1,1,1,1,1,1,1,1,1,1,1,1,1,1,1,1,1,1,1,1,1,1,1,1,1,1,1,1,1,1,1,1,1,1,1,1,1,1,1,1,1,1,1,1,1,1,1,1,1,1,1,1,1,1,1,1,1,1,1,1,1,1,1,1,1,1,1,1,1,1,1,1,1,1,1,1,1,1,1,1,1,1,1,1
PARAM_EYE_R_SMILE=1,1,1,1,1,1,1,1,1,1,1,1,1,1,1,1,1,1,1,1,1,1,1,1,1,1,1,1,1,1,1,1,1,1,1,1,1,1,1,1,1,1,1,1,1,1,1,1,1,1,1,1,1,1,1,1,1,1,1,0.27,0,0,0,0,0,0,0,0,0,0,0,0,0,0,0,0,0,0,0,0,0,0,0,0,0,0,0,0,0,0,0,0,0,0,0,0,0,0,0,0,0,0,0,0,0,0,0,0,0,0,0,0,0,0,0,0,0,0,0,0,0,0,0,0,0,0,0,0,0,0,0,0,0,0,0,0,0,0,0,0,0,0,0,0,0,0,0,0,0,0,0,0,0,0,0,0,0,0,0,0,0,0,0,0,0,0,0,0,0,0,0,0,0,0,0,0,0
PARAM_EYE_BALL_X=0
PARAM_EYE_BALL_Y=0
PARAM_BROW_L_Y=0
PARAM_BROW_R_Y=0
PARAM_BROW_L_X=0
PARAM_BROW_R_X=0
PARAM_BROW_L_ANGLE=0
PARAM_BROW_R_ANGLE=0
PARAM_BROW_L_FORM=0
PARAM_BROW_R_FORM=0
PARAM_MOUTH_FORM=1,1,1,1,1,1,1,0.01,0.01,0.01,0.01,0.01,0.01,0.01,0.01,0.01,0.01,0.01,0.01,0.01,0.01,0.01,0.01,0.01,0.01,0.01,0.01,0.01,0.01,0.01,0.01,0.01,0.01,0.01,0.01,0.01,0.01,0.01,0.01,0.01,0.01,0.01,0.01,0.01,0.01,0.01,0.01,0.01,0.01,0.01,0.01,0.01,0.01,0.01,0.01,0.01,0.01,0.01,0.01,0.01,0.01,0.01,0.01,0.01,0.01,0.01,0.01,0.01,0.01,0.01,0.01,0.01,0.01,0.01,0.01,0.01,0.01,0.01,0.01,0.01,0.01,0.01,0.01,0.01,0.01,0.01,0.01,0.01,0.01,0.01,0.01,0.01,0.01,0.01,0.01,0.01,0.01,0.01,0.01,0.01,0.01,0.01,0.01,0.01,0.01,0.01,0.01,0.01,0.01,0.01,0.01,0.01,0.01,0.01,0.01,0.01,0.01,0.01,0.01,0.01,0.01,0.01,0.01,0.01,0.01,0.01,0.01,0.01,0.01,0.01,0.01,0.01,0.01,0.01,0.01,0.01,0.01,0.01,0.01,0.01,0.01,0.01,0.01,0.01,0.01,0.01,0.01,0.01,0.01,0.01,0.01,0.01,0.01,0.01,0.01,0.01,0.01,0.01,0.01,0.01,0.01,0.01,0.01,0.01,0.01,0.01,0.01,0.01,0.01,0.01,0.01,0.01,0.01,0.01,0.01,0.01,0.01
PARAM_MOUTH_OPEN_Y=0,0,0,0,0,0,0,0.49,0.37,0.18,0.04,0,0.48,0.96,0.48,0,0,0,0.73,1,1,1,0.56,0.09,0.75,1,0.78,0.42,0.17,0.09,0.75,1,1,1,1,1,0.78,0.42,0.17,0.09,0.75,1,0.83,0.49,0.19,0.05,0,0,0,0,0,0,0,0,0,0,0,0,0,0,0,0,0,0,0,0,0,0,0,0,0,0,0,0,0,0,0,0,0,0,0,0,0,0,0,0,0,0,0,0,0,0,0,0,0,0,0,0,0,0,0,0,0,0,0,0,0,0,0,0,0,0,0,0,0,0,0,0,0,0,0,0,0,0,0,0,0,0,0,0,0,0,0,0,0,0,0,0,0,0,0,0,0,0,0,0,0,0,0,0,0,0,0,0,0,0,0,0,0,0,0,0,0,0,0,0,0,0,0,0,0,0,0,0,0,0,0
PARAM_BODY_ANGLE_X=0,-0.03,-0.13,-0.26,-0.42,-0.58,-0.74,-0.87,-0.97,-1,-0.93,-0.75,-0.48,-0.16,0.16,0.48,0.75,0.93,1,0.998,0.993,0.985,0.975,0.961,0.944,0.926,0.91,0.88,0.86,0.83,0.8,0.77,0.74,0.71,0.68,0.64,0.61,0.57,0.54,0.5,0.46,0.43,0.39,0.36,0.32,0.29,0.26,0.23,0.2,0.17,0.14,0.12,0.09,0.07,0.056,0.039,0.025,0.015,0.007,0.002,0,0,0,0.002,0.004,0.006,0.008,0.011,0.014,0.018,0.022,0.026,0.031,0.036,0.041,0.047,0.053,0.06,0.066,0.074,0.081,0.089,0.097,0.105,0.113,0.122,0.131,0.14,0.15,0.16,0.169,0.18,0.19,0.2,0.211,0.222,0.233,0.244,0.256,0.267,0.279,0.291,0.303,0.315,0.327,0.339,0.352,0.364,0.377,0.389,0.402,0.415,0.428,0.44,0.453,0.466,0.479,0.492,0.505,0.518,0.531,0.544,0.556,0.569,0.582,0.595,0.607,0.62,0.632,0.645,0.657,0.669,0.682,0.694,0.705,0.717,0.729,0.74,0.752,0.763,0.774,0.785,0.796,0.806,0.816,0.826,0.836,0.846,0.855,0.865,0.874,0.882,0.891,0.899,0.907,0.915,0.922,0.929,0.936,0.943,0.949,0.955,0.96,0.966,0.971,0.975,0.979,0.983,0.987,0.99,0.992,0.995,0.997,0.998,0.999,1,1
PARAM_BODY_ANGLE_Y=0
PARAM_BODY_ANGLE_Z=0,-0.03,-0.13,-0.26,-0.42,-0.58,-0.74,-0.87,-0.97,-1,-0.92,-0.71,-0.38,0.05,0.54,1.08,1.64,2.21,2.77,3.3,3.77,4.19,4.53,4.79,4.95,5,4.987,4.95,4.88,4.8,4.7,4.58,4.44,4.29,4.12,3.95,3.76,3.57,3.37,3.16,2.95,2.74,2.53,2.31,2.1,1.9,1.69,1.49,1.3,1.12,0.95,0.78,0.63,0.5,0.37,0.26,0.17,0.1,0.04,0.01,0,0.001,0.005,0.01,0.018,0.028,0.04,0.054,0.07,0.088,0.108,0.13,0.15,0.18,0.21,0.24,0.27,0.3,0.33,0.37,0.4,0.44,0.48,0.52,0.57,0.61,0.65,0.7,0.75,0.8,0.85,0.9,0.95,1,1.06,1.11,1.17,1.22,1.28,1.34,1.4,1.45,1.51,1.58,1.64,1.7,1.76,1.82,1.88,1.95,2.01,2.07,2.14,2.2,2.27,2.33,2.4,2.46,2.52,2.59,2.65,2.72,2.78,2.85,2.91,2.97,3.04,3.1,3.16,3.22,3.29,3.35,3.41,3.47,3.53,3.59,3.64,3.7,3.76,3.81,3.87,3.92,3.98,4.03,4.08,4.13,4.18,4.23,4.28,4.32,4.37,4.41,4.45,4.5,4.54,4.57,4.61,4.65,4.68,4.71,4.75,4.77,4.8,4.83,4.85,4.88,4.9,4.916,4.933,4.948,4.962,4.973,4.983,4.99,4.996,4.999,5
PARAM_BREATH=0
PARAM_HAIR_FRONT=0
PARAM_HAIR_BACK=0